IDS_ACTUALIZAR_UBICACIONES=223585
223584
223583
223582
223581
223580
223579
223578
223577
223576
223575
223574
223573
223572
223571
223570
223569
223568
223567
223566
223565
223564
223563
223562
223561
223560
223559
223558
223301
223300
223299
223298
223297
223296
223295
223294
223293
223292
223291
223290
223289
223288
223287
223286
223285
223284
223283
223282
223281
223280
223279
223278
223277
223276
223275
223274
223273
223272
223271
223270
223444
223443
223442
223441
223440
223439
223400
149695
149689
223399
223398
223397
223396
223395
223394
223393
223392
223391
223390
223389
158696
158668
158632
158568
158510
158497
158466
158438
158409
158371
158347
158307
158267
225400
225399
225398
225397
225396
225395
225394
225393
225392
193091
193090
193089
179953
179952
179951
453870
453872
453871
453869
453874
453875
453873
453876
453878
453879
453877
453880
453883
453882
453881
453884
453887
453885
453886
453888
453890
453892
453889
453891
453895
453893
453894
453896
215335
215334